P1
    2.6611433666280082e+03 0. 2.2228396911621094e+03 0. 
    0. 2.6611433666280082e+03 1.0741434150695800e+03 0.
    0. 0. 1. 0.

P2
    2.6611433666280082e+03 0. 2.2228396911621094e+03 -5.1444062955263653e+03
    0. 2.6611433666280082e+03 1.0741434150695800e+03 0.
    0. 0. 1. 0.

Q
    1. 0. 0. -2.2228396911621094e+03
    0. 1. 0. -1.0741434150695800e+03
    0. 0. 0. 2.6611433666280082e+03
    0. 0. 5.1728872366519119e-01 0.

R1
    9.9931463521446817e-01 1.1155699241504682e-02 3.5296036896621301e-02
    -1.1001148147687436e-02 9.9992904286470674e-01 -4.5698988067748554e-03
    -3.5344512807608371e-02 4.1784698281333152e-03 9.9936645221074338e-01

R2
    9.9971129364096090e-01 -8.8049732810904931e-04 2.4011540791289799e-02
    7.7543241161454383e-04 9.9999008711645154e-01 4.3845607997561615e-03
    -2.4015163361751204e-02 -4.3646756221892673e-03 9.9970206638549131e-01
